aardvark,1,0,0,0,0,0,0
antelope,1,0,1,0,0,0,0
bass,1,1,1,1,1,1,0
bear,0,1,1,1,1,0,0
boar,1,1,1,0,0,0,0
buffalo,0,0,0,1,0,0,0
calf,1,1,1,1,1,1,0
carp,0,1,1,0,0,0,0
catfish,1,1,1,1,1,1,0
cavy,0,0,0,0,1,0,0
cheetah,1,0,1,0,0,0,0
chicken,1,1,1,1,1,1,0
chub,0,1,0,1,0,0,0
clam,1,1,1,1,1,1,1
crab,1,1,1,1,1,1,0
crayfish,1,1,1,1,0,1,0
crow,1,1,1,1,0,1,0
deer,1,1,1,1,1,0,0
dogfish,1,1,1,1,1,1,0
dolphin,1,1,1,1,1,1,0
dove,1,1,1,1,1,1,0
duck,1,1,1,1,1,1,0
elephant,1,0,1,0,0,0,0
flamingo,1,1,1,1,1,0,0
flea,1,1,1,1,1,1,0
frog,1,1,1,1,1,1,0
frog,1,1,1,1,1,1,0
fruitbat,1,0,1,0,0,1,0
giraffe,1,0,0,0,0,0,0
girl,1,1,1,1,1,1,0
gnat,1,1,1,1,1,1,0
goat,1,1,1,1,1,1,0
gorilla,1,0,0,0,0,0,0
gull,1,1,1,1,1,1,1
haddock,0,1,0,1,0,0,0
hamster,0,1,1,0,0,0,0
hare,1,1,1,1,1,1,0
hawk,1,1,1,1,1,1,0
herring,0,1,1,1,1,0,0
honeybee,1,1,1,1,1,1,0
housefly,1,1,1,1,1,1,0
kiwi,0,0,0,0,0,1,0
ladybird,1,1,1,1,1,1,0
lark,1,1,1,1,0,1,0
leopard,1,0,1,0,0,0,0
lion,1,0,1,0,0,0,0
lobster,1,1,1,1,1,1,0
lynx,0,1,1,1,0,0,0
mink,0,1,0,1,0,0,0
mole,1,1,1,1,0,1,0
mongoose,1,1,1,0,0,0,0
moth,1,1,1,1,1,1,0
newt,0,1,1,1,0,0,0
octopus,1,1,1,1,1,1,1
opossum,0,0,0,1,1,0,0
oryx,1,0,1,0,0,0,0
ostrich,1,0,0,0,0,0,0
parakeet,0,0,0,0,0,1,0
penguin,1,0,0,0,1,1,1
pheasant,1,1,1,1,1,1,0
pike,0,1,1,1,0,0,0
piranha,0,0,0,0,1,0,0
pitviper,0,0,1,1,1,0,0
platypus,0,0,0,0,0,1,0
polecat,1,1,1,1,1,0,0
pony,1,1,1,1,1,1,0
porpoise,1,1,1,1,1,1,1
puma,0,0,0,1,1,0,0
pussycat,1,1,1,1,1,1,0
raccoon,0,1,1,1,0,0,0
reindeer,0,1,1,1,0,0,0
rhea,0,0,0,0,1,0,0
scorpion,1,1,1,1,1,1,0
seahorse,1,1,1,1,1,1,0
seal,0,1,1,1,1,0,1
sealion,1,1,1,1,1,1,0
seasnake,1,0,1,0,0,1,0
seawasp,0,0,1,0,0,1,0
skimmer,1,0,1,1,1,0,0
skua,1,1,1,1,1,1,1
slowworm,0,1,1,0,0,0,0
slug,1,1,1,1,1,1,1
sole,1,1,0,1,1,0,0
sparrow,1,1,1,1,1,1,0
squirrel,1,1,1,1,1,1,0
starfish,1,1,1,1,1,1,1
stingray,1,1,1,1,1,1,0
swan,0,1,1,1,1,1,0
termite,1,1,1,1,1,1,0
toad,1,1,1,1,1,1,0
tortoise,1,1,1,1,1,0,0
tuatara,0,0,0,0,0,1,0
tuna,1,1,1,1,1,1,0
vampire,0,0,0,1,1,0,0
vole,0,1,1,1,0,0,0
vulture,1,1,1,1,1,0,0
wallaby,0,0,0,0,0,1,0
wasp,1,1,1,1,1,1,0
wolf,1,1,1,1,0,0,0
worm,1,1,1,1,1,1,1
wren,0,1,1,0,0,0,0
